4294967278,46
4294967278,45
4294967278,44
4294967278,43
4294967278,42
4294967278,41
4294967278,40
4294967278,39
4294967278,38
4294967278,37
4294967278,36
4294967278,35
4294967278,34
4294967278,33
4294967278,32
4294967279,53
4294967279,52
4294967279,49
4294967279,48
4294967279,47
4294967279,46
4294967279,44
4294967279,43
4294967279,42
4294967279,40
4294967279,39
4294967279,37
4294967279,35
4294967279,33
4294967279,31
4294967279,29
4294967279,26
4294967279,24
4294967279,22
4294967279,20
4294967279,18
4294967279,17
4294967279,16
4294967279,14
4294967279,13
4294967279,12
4294967279,11
4294967279,10
4294967279,9
4294967278,334
4294967279,404
4294967278,198
4294967278,197
4294967294,50
4294967294,104
4294967294,106
4294967294,180
4294967294,175
4294967294,183
4294967294,176
4294967294,166
4294967294,398
4294967294,384
4294967294,400
4294967294,190
4294967294,120
4294967294,388
4294967294,406
4294967294,402
4294967294,403
4294967294,401
4294967294,22
4294967294,81
4294967294,5
4294967278,196
4294967278,195
58,5
58,4
4294967278,194
58,3
58,2
58,1
4294967278,193
4294967278,192
57,4
4294967278,191
57,3
57,2
57,1
4294967278,190
4294967278,189
56,5
4294967278,188
56,4
56,3
56,2
56,1
4294967278,187
4294967278,186
4294967278,185
55,6
55,5
4294967278,184
55,4
55,3
55,2
55,1
4294967279,403
4294967278,183
4294967294,953
4294967294,924
4294967278,182
4294967278,181
54,4
54,3
54,2
54,1
4294967279,402
4294967278,180
4294967294,394
4294967294,24
4294967294,387
4294967278,179
4294967278,178
53,4
53,3
53,2
53,1
4294967278,177
4294967294,471
4294967294,2
4294967294,469
4294967294,1417
4294967294,161
4294967294,173
4294967294,422
4294967294,906
4294967278,176
4294967278,175
52,5
52,4
4294967278,173
52,3
52,2
52,1
4294967278,324
4294967278,172
4294967278,171
51,6
4294967278,170
51,5
51,4
4294967278,169
51,3
51,2
51,1
4294967278,0
4294967294,1
4294967294,29
4294967278,168
4294967278,167
50,5
0,5
4294967278,166
50,4
4294967279,167
50,3
50,2
50,1
4294967279,401
4294967279,260
4294967279,0
4294967278,165
4294967294,16
4294967294,15
4294967294,38
4294967294,37
4294967294,36
4294967294,42
4294967294,40
4294967294,39
4294967294,393
4294967294,45
4294967294,44
4294967294,43
4294967294,92
4294967294,91
4294967294,88
4294967294,87
4294967294,85
4294967294,968
4294967294,17
4294967294,99
4294967294,76
4294967294,41
4294967294,417
4294967294,52
4294967294,83
4294967294,107
4294967294,84
4294967278,164
4294967294,7
4294967279,165
4294967294,6
4294967294,94
4294967294,93
4294967294,89
4294967294,96
4294967294,95
4294967278,163
49,4
49,3
49,2
49,1
4294967279,387
4294967294,9
4294967278,162
4294967294,8
0,7
4294967294,1424
4294967294,429
4294967294,53
4294967294,51
4294967294,955
4294967294,187
4294967294,28
4294967294,27
4294967294,1426
4294967294,26
4294967294,470
4294967294,25
4294967294,90
4294967294,86
4294967294,46
4294967294,0
4294967294,971
4294967294,82
4294967294,69
4294967278,161
4294967294,61
4294967294,1418
4294967294,12
4294967294,67
4294967294,11
4294967278,132
4294967278,131
4294967278,130
4294967278,129
4294967278,128
4294967278,127
4294967278,126
4294967278,125
4294967278,124
4294967278,123
4294967278,122
4294967278,121
4294967278,120
4294967278,119
4294967278,118
4294967278,117
4294967278,116
4294967278,115
4294967278,114
4294967278,113
4294967278,112
4294967278,111
4294967278,110
4294967278,109
4294967278,108
4294967278,107
4294967278,106
4294967278,105
4294967278,104
4294967278,103
4294967278,102
4294967278,101
4294967278,100
4294967278,99
4294967278,98
4294967278,97
4294967278,96
4294967278,95
4294967278,94
4294967278,93
4294967278,92
4294967278,91
4294967278,90
4294967278,89
4294967278,87
4294967278,86
4294967278,85
4294967278,84
4294967278,83
4294967278,82
4294967278,81
4294967278,80
4294967278,79
4294967278,78
4294967278,77
4294967278,76
4294967278,75
4294967278,74
4294967278,73
4294967278,72
4294967278,71
4294967278,70
4294967278,69
4294967278,68
4294967278,67
4294967278,66
4294967278,65
4294967278,64
